$ANSIBLE_VAULT;1.1;AES256
66356364373437323562326137663761316562306638636262303530353031663561366662376264
6436646463336163626334626239643538623536396536330a383363313434656337346534323365
36336333666266356637653330633233633364373865346464626133353039303661346639353131
3437363866383835630a663330636532663364343263643564393066323961373535646661646432
35616439353832353736333734666562633862326366373731656332396665383932326234316136
31346134336463623139616639626262383065636365336232353436653735386439373838303261
63643238646434336363313634653263313161303836613164313430313137333961643832343761
32356131613433346665653665376561663336653666386633633335326462653038373733366163
37643862333439356363643133386361646361623031306361373134336236633365383061323437
39306335613565343335393837336263623238643030383365383662613031623234323439356161
65343031393232373966343733363331356139616565663330303766343962663866623637343062
64373335336230643631
